Linux 5.4.0-126-generic (kvssd) 	10/24/2022 	_x86_64_	(128 CPU)

avg-cpu:  %user   %nice %system %iowait  %steal   %idle
           1.32    0.00    0.67    0.54    0.00   97.47

Device             tps    MB_read/s    MB_wrtn/s    MB_dscd/s    MB_read    MB_wrtn    MB_dscd
dm-0              3.48         0.08         0.13         0.00     123584     206556          0
loop0             0.00         0.00         0.00         0.00          0          0          0
loop1             0.00         0.00         0.00         0.00          0          0          0
loop2             0.00         0.00         0.00         0.00          2          0          0
loop3             0.06         0.00         0.00         0.00         94          0          0
loop4             0.00         0.00         0.00         0.00          2          0          0
loop5             0.00         0.00         0.00         0.00          2          0          0
loop6             0.03         0.00         0.00         0.00         54          0          0
loop7             0.00         0.00         0.00         0.00          0          0          0
md0               0.75         0.02         0.05         0.85      36762      74076    1402294
nvme0c0n1         0.43         0.01         0.02         0.42      16391      34915     698648
nvme1c1n1     19248.54        94.44        28.62         3.71  155336764   47079363    6104720
nvme2c2n1         0.33         0.01         0.02         0.43      15918      34921     703646
sda               2.81         0.08         0.13         0.00     123890     206756          0


avg-cpu:  %user   %nice %system %iowait  %steal   %idle
           0.00    0.00    0.00    0.00    0.00  100.00

Device             tps    MB_read/s    MB_wrtn/s    MB_dscd/s    MB_read    MB_wrtn    MB_dscd
dm-0            133.00         0.41         0.11         0.00          0          0          0
loop0             0.00         0.00         0.00         0.00          0          0          0
loop1             0.00         0.00         0.00         0.00          0          0          0
loop2             0.00         0.00         0.00         0.00          0          0          0
loop3             0.00         0.00         0.00         0.00          0          0          0
loop4             0.00         0.00         0.00         0.00          0          0          0
loop5             0.00         0.00         0.00         0.00          0          0          0
loop6             0.00         0.00         0.00         0.00          0          0          0
loop7             0.00         0.00         0.00         0.00          0          0          0
md0               0.00         0.00         0.00         0.00          0          0          0
nvme0c0n1         0.00         0.00         0.00         0.00          0          0          0
nvme1c1n1         0.00         0.00         0.00         0.00          0          0          0
nvme2c2n1         0.00         0.00         0.00         0.00          0          0          0
sda              25.00         0.41         0.11         0.00          0          0          0


avg-cpu:  %user   %nice %system %iowait  %steal   %idle
           0.55    0.00    0.11    0.14    0.00   99.20

Device             tps    MB_read/s    MB_wrtn/s    MB_dscd/s    MB_read    MB_wrtn    MB_dscd
dm-0           2921.00        46.43         0.16         0.00         46          0          0
loop0             0.00         0.00         0.00         0.00          0          0          0
loop1             0.00         0.00         0.00         0.00          0          0          0
loop2             0.00         0.00         0.00         0.00          0          0          0
loop3             0.00         0.00         0.00         0.00          0          0          0
loop4             0.00         0.00         0.00         0.00          0          0          0
loop5             0.00         0.00         0.00         0.00          0          0          0
loop6             0.00         0.00         0.00         0.00          0          0          0
loop7             0.00         0.00         0.00         0.00          0          0          0
md0               0.00         0.00         0.00         0.00          0          0          0
nvme0c0n1         0.00         0.00         0.00         0.00          0          0          0
nvme1c1n1         0.00         0.00         0.00         0.00          0          0          0
nvme2c2n1         0.00         0.00         0.00         0.00          0          0          0
sda            1544.00        46.43         0.16         0.00         46          0          0


avg-cpu:  %user   %nice %system %iowait  %steal   %idle
           0.01    0.00    0.00    0.00    0.00   99.99

Device             tps    MB_read/s    MB_wrtn/s    MB_dscd/s    MB_read    MB_wrtn    MB_dscd
dm-0              9.00         0.51         0.00         0.00          0          0          0
loop0             0.00         0.00         0.00         0.00          0          0          0
loop1             0.00         0.00         0.00         0.00          0          0          0
loop2             0.00         0.00         0.00         0.00          0          0          0
loop3             0.00         0.00         0.00         0.00          0          0          0
loop4             0.00         0.00         0.00         0.00          0          0          0
loop5             0.00         0.00         0.00         0.00          0          0          0
loop6             0.00         0.00         0.00         0.00          0          0          0
loop7             0.00         0.00         0.00         0.00          0          0          0
md0               0.00         0.00         0.00         0.00          0          0          0
nvme0c0n1         0.00         0.00         0.00         0.00          0          0          0
nvme1c1n1         0.00         0.00         0.00         0.00          0          0          0
nvme2c2n1         0.00         0.00         0.00         0.00          0          0          0
sda               9.00         0.51         0.00         0.00          0          0          0


avg-cpu:  %user   %nice %system %iowait  %steal   %idle
           0.00    0.00    0.01    0.00    0.00   99.99

Device             tps    MB_read/s    MB_wrtn/s    MB_dscd/s    MB_read    MB_wrtn    MB_dscd
dm-0              0.00         0.00         0.00         0.00          0          0          0
loop0             0.00         0.00         0.00         0.00          0          0          0
loop1             0.00         0.00         0.00         0.00          0          0          0
loop2             0.00         0.00         0.00         0.00          0          0          0
loop3             0.00         0.00         0.00         0.00          0          0          0
loop4             0.00         0.00         0.00         0.00          0          0          0
loop5             0.00         0.00         0.00         0.00          0          0          0
loop6             0.00         0.00         0.00         0.00          0          0          0
loop7             0.00         0.00         0.00         0.00          0          0          0
md0               0.00         0.00         0.00         0.00          0          0          0
nvme0c0n1         0.00         0.00         0.00         0.00          0          0          0
nvme1c1n1         0.00         0.00         0.00         0.00          0          0          0
nvme2c2n1         0.00         0.00         0.00         0.00          0          0          0
sda               0.00         0.00         0.00         0.00          0          0          0


avg-cpu:  %user   %nice %system %iowait  %steal   %idle
           0.01    0.00    0.00    0.00    0.00   99.99

Device             tps    MB_read/s    MB_wrtn/s    MB_dscd/s    MB_read    MB_wrtn    MB_dscd
dm-0              0.00         0.00         0.00         0.00          0          0          0
loop0             0.00         0.00         0.00         0.00          0          0          0
loop1             0.00         0.00         0.00         0.00          0          0          0
loop2             0.00         0.00         0.00         0.00          0          0          0
loop3             0.00         0.00         0.00         0.00          0          0          0
loop4             0.00         0.00         0.00         0.00          0          0          0
loop5             0.00         0.00         0.00         0.00          0          0          0
loop6             0.00         0.00         0.00         0.00          0          0          0
loop7             0.00         0.00         0.00         0.00          0          0          0
md0               0.00         0.00         0.00         0.00          0          0          0
nvme0c0n1         0.00         0.00         0.00         0.00          0          0          0
nvme1c1n1         0.00         0.00         0.00         0.00          0          0          0
nvme2c2n1         0.00         0.00         0.00         0.00          0          0          0
sda               0.00         0.00         0.00         0.00          0          0          0


avg-cpu:  %user   %nice %system %iowait  %steal   %idle
           0.01    0.00    0.02    0.00    0.00   99.98

Device             tps    MB_read/s    MB_wrtn/s    MB_dscd/s    MB_read    MB_wrtn    MB_dscd
dm-0             46.00         0.13         0.05         0.00          0          0          0
loop0             0.00         0.00         0.00         0.00          0          0          0
loop1             0.00         0.00         0.00         0.00          0          0          0
loop2             0.00         0.00         0.00         0.00          0          0          0
loop3             0.00         0.00         0.00         0.00          0          0          0
loop4             0.00         0.00         0.00         0.00          0          0          0
loop5             0.00         0.00         0.00         0.00          0          0          0
loop6             0.00         0.00         0.00         0.00          0          0          0
loop7             0.00         0.00         0.00         0.00          0          0          0
md0               0.00         0.00         0.00         0.00          0          0          0
nvme0c0n1         0.00         0.00         0.00         0.00          0          0          0
nvme1c1n1         0.00         0.00         0.00         0.00          0          0          0
nvme2c2n1         0.00         0.00         0.00         0.00          0          0          0
sda               6.00         0.13         0.05         0.00          0          0          0

