   7       0 loop0 45 0 688 5 0 0 0 0 0 16 0 0 0 0 0
   7       1 loop1 46 0 690 6 0 0 0 0 0 16 0 0 0 0 0
   7       2 loop2 1528 0 3648 487 0 0 0 0 0 220 0 0 0 0 0
   7       3 loop3 56444 0 113492 4291 0 0 0 0 0 4124 120 0 0 0 0
   7       4 loop4 54 0 2164 9 0 0 0 0 0 20 0 0 0 0 0
   7       5 loop5 95 0 2218 34 0 0 0 0 0 96 0 0 0 0 0
   7       6 loop6 4 0 8 0 0 0 0 0 0 4 0 0 0 0 0
   7       7 loop7 0 0 0 0 0 0 0 0 0 0 0 0 0 0 0
   0       0 nvme1c1n1 9999435806 2839601 142908664944 1044069597 62490103 17595129 68426925800 337248774 0 85664928 382934096 2984 0 12502467936 1898
 259       1 nvme1n1 0 0 0 0 0 0 0 0 0 0 0 0 0 0 0
   8       0 sda 1827823 611611 151065908 319128 725755 299061 225476954 149297 0 1156428 21676 0 0 0 0
   8       1 sda1 1080 1258 18914 317 3 0 10 0 0 124 12 0 0 0 0
   8       2 sda2 197 18 13226 64 26 13 312 5 0 148 16 0 0 0 0
   8       3 sda3 1826446 610335 151029240 318702 725726 299048 225476632 149291 0 1156296 21648 0 0 0 0
   0       0 nvme0c0n1 220452 3214 32801712 106217 343247 12943 71506608 399802 0 122664 253720 47153 0 1430831344 17400
   0       0 nvme2c2n1 164961 1546 32596463 100347 334507 11302 71519576 1702268 0 128068 1556992 46281 0 1441068096 17522
 259       4 nvme0n1 0 0 0 0 0 0 0 0 0 0 0 0 0 0 0
 259       6 nvme0n1p1 0 0 0 0 0 0 0 0 0 0 0 0 0 0 0
 259       5 nvme2n1 0 0 0 0 0 0 0 0 0 0 0 0 0 0 0
 259       7 nvme2n1p1 0 0 0 0 0 0 0 0 0 0 0 0 0 0 0
   9       0 md0 389862 0 74517515 0 702022 0 151708396 0 0 0 0 48002 0 2871899440 0
 253       0 dm-0 2439800 0 151027048 441008 644266 0 225476632 76456 0 1156464 517464 0 0 0 0
