   7       0 loop0 45 0 688 5 0 0 0 0 0 16 0 0 0 0 0
   7       1 loop1 46 0 690 6 0 0 0 0 0 16 0 0 0 0 0
   7       2 loop2 1530 0 3652 488 0 0 0 0 0 232 0 0 0 0 0
   7       3 loop3 56446 0 113496 4292 0 0 0 0 0 4132 120 0 0 0 0
   7       4 loop4 54 0 2164 9 0 0 0 0 0 20 0 0 0 0 0
   7       5 loop5 99 0 2226 36 0 0 0 0 0 104 0 0 0 0 0
   7       6 loop6 4 0 8 0 0 0 0 0 0 4 0 0 0 0 0
   7       7 loop7 0 0 0 0 0 0 0 0 0 0 0 0 0 0 0
   0       0 nvme1c1n1 10147858714 3649303 161579450580 1076936873 80774907 22782811 88583524304 428207603 0 103400244 457596212 2984 0 12502467936 1898
 259       1 nvme1n1 0 0 0 0 0 0 0 0 0 0 0 0 0 0 0
   8       0 sda 1882574 636753 153179372 324986 740067 308730 226456474 151143 0 1194504 21808 0 0 0 0
   8       1 sda1 1080 1258 18914 317 3 0 10 0 0 124 12 0 0 0 0
   8       2 sda2 198 18 13234 65 26 13 312 5 0 152 16 0 0 0 0
   8       3 sda3 1881196 635477 153142696 324560 740038 308717 226456152 151137 0 1194372 21780 0 0 0 0
   0       0 nvme0c0n1 220453 3214 32801720 106217 343247 12943 71506608 399802 0 122668 253720 47153 0 1430831344 17400
   0       0 nvme2c2n1 164962 1546 32596471 100347 334507 11302 71519576 1702268 0 128072 1556992 46281 0 1441068096 17522
 259       4 nvme0n1 0 0 0 0 0 0 0 0 0 0 0 0 0 0 0
 259       6 nvme0n1p1 0 0 0 0 0 0 0 0 0 0 0 0 0 0 0
 259       5 nvme2n1 0 0 0 0 0 0 0 0 0 0 0 0 0 0 0
 259       7 nvme2n1p1 0 0 0 0 0 0 0 0 0 0 0 0 0 0 0
   9       0 md0 389864 0 74517531 0 702023 0 151708396 0 0 0 0 48002 0 2871899440 0
 253       0 dm-0 2519703 0 153140504 451268 666999 0 226456152 77216 0 1194544 528484 0 0 0 0
