   7       0 loop0 45 0 688 5 0 0 0 0 0 16 0 0 0 0 0
   7       1 loop1 46 0 690 6 0 0 0 0 0 16 0 0 0 0 0
   7       2 loop2 1529 0 3650 487 0 0 0 0 0 224 0 0 0 0 0
   7       3 loop3 56445 0 113494 4292 0 0 0 0 0 4128 120 0 0 0 0
   7       4 loop4 54 0 2164 9 0 0 0 0 0 20 0 0 0 0 0
   7       5 loop5 97 0 2222 35 0 0 0 0 0 100 0 0 0 0 0
   7       6 loop6 4 0 8 0 0 0 0 0 0 4 0 0 0 0 0
   7       7 loop7 0 0 0 0 0 0 0 0 0 0 0 0 0 0 0
   0       0 nvme1c1n1 10143800561 3373261 157066697476 1069132321 75696859 21250571 83313095496 393818580 0 99945788 428052420 2984 0 12502467936 1898
 259       1 nvme1n1 0 0 0 0 0 0 0 0 0 0 0 0 0 0 0
   8       0 sda 1874125 633478 152875884 324125 737554 307218 226289282 150778 0 1187948 21756 0 0 0 0
   8       1 sda1 1080 1258 18914 317 3 0 10 0 0 124 12 0 0 0 0
   8       2 sda2 198 18 13234 65 26 13 312 5 0 152 16 0 0 0 0
   8       3 sda3 1872747 632202 152839208 323699 737525 307205 226288960 150772 0 1187816 21728 0 0 0 0
   0       0 nvme0c0n1 220453 3214 32801720 106217 343247 12943 71506608 399802 0 122668 253720 47153 0 1430831344 17400
   0       0 nvme2c2n1 164962 1546 32596471 100347 334507 11302 71519576 1702268 0 128072 1556992 46281 0 1441068096 17522
 259       4 nvme0n1 0 0 0 0 0 0 0 0 0 0 0 0 0 0 0
 259       6 nvme0n1p1 0 0 0 0 0 0 0 0 0 0 0 0 0 0 0
 259       5 nvme2n1 0 0 0 0 0 0 0 0 0 0 0 0 0 0 0
 259       7 nvme2n1p1 0 0 0 0 0 0 0 0 0 0 0 0 0 0 0
   9       0 md0 389864 0 74517531 0 702023 0 151708396 0 0 0 0 48002 0 2871899440 0
 253       0 dm-0 2507979 0 152837016 450116 663186 0 226288960 77096 0 1187984 527212 0 0 0 0
